

 291 ^ 210.0 (mod 421) 

y:       b:       x:
291      210.0      1
60      105
         104      60
232      52
357      26
307      13
         12      317
366      6
78      3
         2      308
190      1
         0      1


 179 ^ 210.0 (mod 421) 

y:       b:       x:
179      210.0      1
45      105
         104      45
341      52
85      26
68      13
         12      113
414      6
49      3
         2      64
296      1
         0      420


 407 ^ 210.0 (mod 421) 

y:       b:       x:
407      210.0      1
196      105
         104      196
105      52
79      26
347      13
         12      231
3      6
9      3
         2      395
81      1
         0      420


 17 ^ 210.0 (mod 421) 

y:       b:       x:
17      210.0      1
289      105
         104      289
163      52
46      26
11      13
         12      232
121      6
327      3
         2      84
416      1
         0      1


 358 ^ 210.0 (mod 421) 

y:       b:       x:
358      210.0      1
180      105
         104      180
404      52
289      26
163      13
         12      291
46      6
11      3
         2      254
121      1
         0      1


 298 ^ 210.0 (mod 421) 

y:       b:       x:
298      210.0      1
394      105
         104      394
308      52
139      26
376      13
         12      373
341      6
85      3
         2      130
68      1
         0      420


 6 ^ 3.0 (mod 7) 

y:       b:       x:
6      3.0      1
         2      6
1      1


 2 ^ 3.0 (mod 7) 

y:       b:       x:
2      3.0      1
         2      2
4      1
         0      1


 3 ^ 3.0 (mod 7) 

y:       b:       x:
3      3.0      1
         2      3
2      1
         0      6


 4 ^ 3.0 (mod 7) 

y:       b:       x:
4      3.0      1
         2      4
2      1
         0      1


 1 ^ 3.0 (mod 7) 

y:       b:       x:
1      3.0      1


 5 ^ 3.0 (mod 7) 

y:       b:       x:
5      3.0      1
         2      5
4      1
         0      6


 312 ^ 179 (mod 2947) 

y:       b:       x:
312      179      1
         178      312
93      89
         88      2493
2755      44
1500      22
1439      11
         10      928
1927      5
         4      2374
109      2
93      1
         0      2704


 341 ^ 179 (mod 2947) 

y:       b:       x:
341      179      1
         178      341
1348      89
         88      2883
1752      44
1677      22
891      11
         10      1916
1138      5
         4      2575
1311      2
620      1
         0      2173


 3 ^ 179 (mod 2947) 

y:       b:       x:
3      179      1
         178      3
9      89
         88      27
81      44
667      22
2839      11
         10      31
2823      5
         4      2050
641      2
1248      1
         0      404


 221 ^ 179 (mod 2947) 

y:       b:       x:
221      179      1
         178      221
1689      89
         88      1947
25      44
625      22
1621      11
         10      2797
1864      5
         4      365
2930      2
289      1
         0      2340


 121 ^ 179 (mod 2947) 

y:       b:       x:
121      179      1
         178      121
2853      89
         88      414
2942      44
25      22
625      11
         10      2361
1621      5
         4      1975
1864      2
2930      1
         0      1789


 382 ^ 179 (mod 2947) 

y:       b:       x:
382      179      1
         178      382
1521      89
         88      463
46      44
2116      22
963      11
         10      872
2011      5
         4      127
837      2
2130      1
         0      2333
